-0.50534608
1.0003428
1.2116464
1.0004614
0.94135141
1.0826135
-1.3437944
-0.93249796
1.2759314
1.0895528
1.1790975
1.0440098
1.1266342
1.2579932
1.0235669
1.0217156
1.1864931
1.2043297
1.3552119
1.0744696
-1.0346523
1.0812242
-0.99946219
1.0000349
1.0114313
-1.3658602
1.0003139
1.0006953
-0.99948376
-1.3206544
-1.0255918
0.99993995
1.2496969
-0.71887546
-1.1415303
-1.4756106
1.2443057
1.279958
1.2926394
1.0364962
1.0991557
0.96471276
1.2016742
1.2158604
1.3972024
-1.0000389
1.3343829
-1
-1.161164
-1.0404985
-1.4003742
-1.038456
1.2000419
1.2349482
-1.1417112
1.287249
1.2095799
1.122069
0.96131513
1.3058347
1.0993906
1.1028101
1.2444423
1.8072752
-1.2658252
1.1026002
1.0901092
1.0826218
1.2211523
1.1673565
1.0005528
1.2538817
-0.76743425
-1.0471953
1
0.99979075
-0.67518884
1.0324353
0.99980416
-1.0000748
1.1757612
1.3473409
1.2621412
1.0881029
0.99978225
1.1892204
-0.88538893
1.1130435
-0.99962555
1.0002372
1.0005969
1.1709792
1.0372308
-1.0000453
1.2471167
1.2200092
2.0835367
-0.99902867
1.2758596
1.0004867
1.4789106
1.3274044
-0.99965236
1.1791952
1.0977536
1.1852856
-1.2593903
1.0887614
1.2460648
1.1798519
1.4105194
1.0957654
1.1236097
1.4832647
-0.87272221
0.87542982
1.1454647
0.99973483
-1.0002277
1.4206852
1.2569409
1.381217
1.2056159
1.0359343
1.0600882
0.9253404
0.95203826
1.1557683
1.4289731
1.0001681
-0.9990054
0.99979564
1.028129
1.1416351
-1.1015373
-2.2467835
0.99965374
-1.0953357
1.6065632
-0.99354984
0.9943976
1.1378343
0.99998953
1.1307095
1.0164178
1.0933142
1.6786996
1.0173205
1.0229158
1.2012629
-1.2047991
-0.99658025
1.0124657
-1.0067342
1.3902298
-0.99963533
1.1859486
-0.93479544
-0.99946277
0.99990891
-1.0147044
1.30027
1.2424658
-1.4344395
1.1157391
1.0247399
-0.785165
1.0001017
1.2341942
1.2970001
1.2621412
1.2846933
-1.3796945
-0.99954365
-0.99956952
1.1760928
0.99929866
1.0970687
1.0815522
1.0000027
1.3509693
1.2397915
1.2688113
1.0001476
1.2446461
1.1334994
1.2799101
-0.54346732
-0.99949494
1.0004236
-1.0000753
1.0592283
1.2817345
0.99979717
-1.4780844
1.2905797
1.0718797
1.5132372
1.2038317
-1.24036
1.2447161
1.0481117
1.1042846
1.086508
-1.0984281
1.2959779
1.1365082
-1.6563671
-0.82461546
-1.1674052
1.2909832
1.439993
0.99998302
1.0001694
1.1457934
1.1813444
1.0003827
-1.2986325
0.93400923
1.0956494
1.1141949
-0.93074859
0.90956373
1.1905743
1.5877725
1.1210414
1.0688511
1.0098856
1.2948653
1.2845756
-1.0000926
-1.2565928
1.0351403
1.0003531
-1
1.195175
1.0150156
1.1518445
1.2048985
1.2793655
1.233694
-0.99183519
1.0347409
1.0425549
1.0002497
1.346785
-0.41992448
1.0636496
1.4080853
1.2021734
1.1498756
-0.59427672
1.0846529
1.1601617
1.1696395
-1.4135567
1.2606532
1.3639355
0.99964069
1.0094247
1.2517935
-1.0543064
1.299291
0.98560394
1.1848236
1.1350704
1.2860795
1.1318742
1.0562529
1.2169023
1.2430797
1.0662694
1.1028101
1.0241441
0.99980348
1.1632353
1.1682351
-0.99965784
1.4297247
1.3100146
0.99981414
0.88492508
1.1274099
1.0191326
-0.58074533
1.3068138
-0.98096363
0.99980622
1.0002622
1.1423272
1.0992255
-1.5134695
-1.0320618
1.3578962
1.125746
-0.99975142
-1.0001392
1.2791783
-0.99949547
0.99994134
1.212799
1.3237207
1.1980996
1.1293535
1.1629831
1.2079759
1.0000811
1.0004234
1.3691883
1.0001341
1.1625211
-1.2389499
-0.50476591
1.2080561
1.0377013
-1.3315523
0.85067132
1.0810201
1.1089068
1.1187899
1.2359923
0.96479589
-0.94317289
1.0001383
1.6612694
1.0642955
1.2657577
2.004385
1.1399307
-0.99977581
1.0004121
-0.40892249
0.91014649
-0.57477679
1.4445602
1.1156191
0.99998262
1.2934906
1.0724987
1.4303744
1.2355625
-0.99972218
1.0001824
1.1337702
1.1238767
1.1329669
1.0003311
0.99976466
-1.0572162
0.99997587
-1.0263403
1.4108575
-0.87844403
0.96520387
-0.9997508
1.1903443
-1.2774135
1.5553265
1.0002776
1.319115
-1.0896864
1.1329085
0.9998194
0.9999359
2.3051344
-1.0000751
1.3320143
1.0199979
-1.0187937
-1.2080139
1.0672329
0.71314428
1.205709
1.054512
-1.0404985
1.1325253
0.91207728
-1.0002514
1.0228789
-0.99972326
1.0262186
1.1651046
0.81727946
1.1873605
1.394347
1.1788057
1.0003315
1.102884
0.93288742
0.99271189
1.0506728
-1.0239469
1.3527957
1.1261265
0.77104272
1.2307663
1.3014207
-1.0364908
1.0952462
1.2024431
1.2638206
1.0721818
1.0002503
1.2352739
-0.66099281
1.2426449
1.2717241
1.6741241
1.1696808
1.2514614
1.0722108
-0.99950898
0.99014209
1.1028101
-0.9990054
0.87542982
-0.99993102
1.0003272
1.3693378
0.99979518
2.3246985
1.0448738
-1.0002154
-1.2926554
-0.9998029
1.2151019
1.2743658
0.999824
1.131062
-0.99977712
0.99993326
1.2439987
1.0494561
-1.1257244
1.1518586
-1.4872633
-0.9997845
-0.99945601
1.2471505
-0.97450806
0.87542982
-1.0001655
-0.71782328
1.5812309
-1.0293445
1.2743269
-0.99998515
-1.2994009
1.3063861
-1.0000611
1.2471167
-1.0063646
1.2239293
-0.5511519
1.0231602
1.0576804
1.5888204
1.2243128
1.3300239
-1.0948159
-1.0000106
-1.2278744
-0.99974238
-1.1372905
-0.99986831
1.0089738
1.2028094
1.0381809
1.1400343
1.0001528
-1.0894424
0.91435524
0.99980016
-1.0539851
1.2586269
-1.1834968
1.2314135
-0.95300492
1.279008
0.99209659
-0.99945265
0.66577488
1.0001163
1.1608208
1.07323
1.0003884
1.0001583
1.3829069
1.2930081
0.85321812
1.1187641
-1.0202055
-0.98347503
1.2076306
1.3596339
0.8285986
1.1632777
1.2154864
1.0004105
0.86980693
1.2275762
0.9068266
1.0005912
-1.1504482
-1.1457917
1.068674
1.1258455
-1.3194491
-1.0769967
1.128212
1.1041711
1.7683653
0.99988392
-1.1039059
1.086919
0.72675822
-0.99999646
1.1509101
-0.66348155
1.1840755
1.0002777
1.4013907
1.1103133
0.8717426
1.19586
-0.65027044
1.5244341
1.1477212
1.0094441
1.4669554
-1.0946367
1.2471167
1.0435101
1.0809058
-1.0000585
1.0630039
1.5680896
1.0295747
1.1609397
1.0313685
0.99945021
1.2340015
1.0154527
1.1543145
-1.2948907
-0.99978224
1.0373228
-0.94182867
1.1397011
1.0309699
-0.89755147
1.1724538
1.0001961
1.0593048
-1.004011
1.1565768
1.1231839
-1.1357081
1.1362433
1.1806932
-1.0952699
-1.0751804
1.1767991
1.0292284
1.0004181
-0.94757726
1.0885546
-0.97588294
1.1767868
1.2264847
1.1837031
-0.99979528
1.413242
1.0000805
0.86446063
1.1643143
-0.99949401
1.1549801
1.1234975
0.99998714
1.217072
-1.133154
0.72336158
1.1229739
1.0799301
1.0071901
-1.0524224
1.3556784
1.5971101
1.3389166
1.1749482
1.2651777
1.2903279
1.0002663
-0.99980558
1.0592283
1.40041
-0.92610483
-1.0000276
1.1179887
1.2391643
1.3917774
0.99990953
-1.715821
1.2125533
1.0302176
1.432932
1.4590857
0.99731175
-0.42038376
1.3003505
-1.0808403
1.4426574
1.3984928
1.0019017
1.000154
1.1798179
-0.99973863
-0.84894198
-1.1108973
1.1023519
5.1083653
0.99981403
-0.8640865
1.1317957
-0.9785865
1.268451
1.0570596
1.1497522
1.0796685
0.99987668
1.5301477
1.1233614
1.0592283
-0.99965443
-1.1994888
-0.99967856
1.2751267
1.2281644
1.1892985
1.7788707
1.1348981
1.0141941
1.0864225
-0.99953612
1.0090386
-0.99978476
1.311893
1.6602517
0.8285986
1.2902543
-1.0001398
-1.0000747
-1.086681
1.1297719
1.2873773
-1.0569176
0.99984513
-0.99101592
0.99996821
1.0989595
-1.0069341
1.4437964
1.2604385
1.147457
0.96896537
-1.0170137
-1.1831979
1.066462
1.2458881
1.1037004
1.0592283
-1.0268686
-1.0195671
1.440928
1.2321454
1.0894253
-1.0961541
-1.6465465
-1.0423685
1.0390756
1.0528636
0.99983179
1.147457
1.2193634
1.5784525
1.3821456
-1.0364313
1.0100869
1.000551
1.0844195
1.1118619
0.96947344
1.1017436
1.1713208
1.1378343
1.0001398
1.1786258
0.94341785
1.3315996
1.1335826
-1.3891577
-1.3896513
-0.91642831
1.2184473
0.99974899
1.1936399
0.99986939
1.2641736
1.0000964
1.1907842
1.1667179
1.7280048
1.2253331
1.0964714
-1.052363
1.0521041
-0.9990054
1.2301163
-0.58536654
-0.99973051
-0.99946969
1.2183215
1.3275656
-0.9990054
-0.9996623
0.98556501
1.0570129
1.658441
1.3426314
1.0799301
1.9294475
-1.3304512
1.0179889
1.1457572
1.0003029
1.1652435
1.0183413
0.99986197
1.1792136
-1
-1.1829158
1.0050603
-1.1960945
0.95676025
1
1.2267971
1.0651599
1.3836232
1.0949878
-0.93379407
1.0468809
1.0002359
1.5380972
1.0723572
-0.85524416
1.1028101
1.2584385
1
1.1012084
-1.1804886
1.0492366
1.1154403
-0.99966302
1.2961022
1.160536
1.3233421
1.0975244
-1.0002216
1.1532817
1.2551802
1.0625617
0.83453353
1.1028101
1.174216
1.0592283
1.3152569
1.204325
1.5026698
1.0347853
-1.4003264
1.1458036
1.1255272
1.0077732
1.3417089
0.8285986
1.022287
1.2376815
-1.3143346
1.0211209
-1.1579972
1.0694536
1.2679136
1.1241779
1.0004549
1.4615331
-1.2005169
1.2447898
-1.292729
-0.82240713
1.0544079
1.0680098
0.99983393
1.2970001
0.89056914
1.1666349
-0.8700799
1.251331
-0.99976069
1.2244853
0.86973305
-0.99972515
1.0313685
0.99480769
1.0722108
1
1.1565761
-1.018744
0.87542982
1.3598659
1.6333629
-1.0895755
1.1779157
1.2510538
1.1854952
1.2371291
1.1465173
1.1080265
1.202628
-0.99957051
-1.0000532
-0.77517556
1.4143509
-0.82474985
1.6488068
0.99731175
1.2108714
-0.87923596
1.125422
1.3996252
1.2029748
0.83725279
1.0001106
-0.99768769
0.99995769
1.2816422
-1.0000384
-0.99975433
1.8688905
1.0000195
1.279958
1.1900641
-1.0487602
1.5237851
1.1587579
-1.0502498
-0.56648309
1.3906145
-0.99964234
1.1212282
1.0003471
-1.1205614
-1.0818496
1.2065042
1.3699744
1.0931469
1.0004334
1.2307625
1.147457
-0.9990054
1.1618159
0.99974974
1.1209581
-1.2295187
1.33865
1.2452207
1.0662831
-1.0190322
1.0005281
1.1658699
1.0990913
1.0000677
1.222224
1.0768392
-1.1308377
1.2166735
-1.2510713
1.2246203
1.1454564
1.1692052
1.0001111
-1.0993517
1.0152245
1.0063574
1.0633404
-0.66925689
1.1378343
-0.52109455
1.0206754
1.1774186
1.0545302
1.3685804
1.0902137
1.5900534
1.1665937
1.0671977
1.265576
1.1701898
-0.96299326
1.0003174
1.1378343
1.3230712
1.002329
1.0185626
-0.99996846
1.003524
1.1266215
1.2196634
-0.99968705
1.037291
1.3678693
1.146765
1.043192
1.1694554
-0.99998782
1.1371518
1.7693241
0.98370059
1.4619795
-1.1085667
1.5931896
1.198166
1.2747063
1.2677793
1.0004808
1.3481947
0.5600355
1.3141672
-1.1165246
1.1685446
1.0640945
1.0799301
1.0486545
-0.99961145
1.1557065
1.5997959
1.2662375
1.0001414
0.99971337
1.000254
1.3381073
1.0005103
1.2431843
1.3081975
-0.99989007
-0.93409889
-0.99950609
1.1095216
1.4162386
0.99994958
1.1575727
1.5579686
1
1.326251
0.99961696
1.1345993
-1.0404985
-0.99683912
1.0592283
1.0002348
1.235691
-1.0118406
1.662676
1.0819572
1.0423575
1.320247
-1.0814408
1.0002418
1.2489673
1.0435031
1.1247917
1.8951603
-1.3661091
1.0620778
-1.4117442
-1.3704753
1.044821
-1.2469216
1.1298914
-0.66775067
-1.1097561
1.3146496
1.2753403
-0.99983156
1.1883858
1.2002333
1.343937
1.1190216
1.0592283
1.5988604
1.5123334
1.5584954
1.5930456
-1.0000843
1.2204707
-0.73111268
-1.0709811
1.3532167
1.1043643
1.6191908
1.0300311
1.6374691
0.99977442
0.99982185
1.2067322
1.5825657
1.238317
1.198718
1.1641061
0.99963711
-1.1887862
-1.0548944
1.0991233
-0.99948545
1.0006498
-1.0001175
-1.1410133
1.251585
-0.99922215
-1.1109019
1.2679632
0.99993768
1.0004504
-1.0000717
-1.0000515
1.2051216
-0.9990054
1.203324
-0.99966495
1.1689144
0.9998102
1.0001856
1.1950227
-1.5725816
1.0001861
1.0592283
1.1127765
1.2536749
1.000396
-0.97657931
-0.99960534
1.1484007
-1.0719065
1.1764719
0.99979695
-1.1671442
1.2426449
1.1481806
1.9126339
1.0001279
1.8248685
1.0876834
1.198718
1.1265081
-0.84985429
1.1740897
1.022843
1.5291625
0.99987396
1.00015
0.99998373
0.89941949
1.099267
1.0003336
1.0552961
-0.99981605
1.2624906
1.2023762
1.7336063
1.0161264
1.0378086
1.2529316
1.0957028
1.1771262
1.4512319
-1.344298
-1.0115955
1.3590436
1.8275311
-0.99961686
0.74289748
1.266688
1.0561275
1.0284522
1.0731968
1.0003097
1.1506166
1.0000942
-1.0596079
-1.0404985
1.1875796
-1.0819391
1.2495499
1.1251302
0.97887547
-1.1030727
-1.0983461
1.7509017
1.3390467
1.3928349
1.1539824
-1.0023406
1.2072012
-1.0404909
-1.0858524
1.0424919
-1.2209048
1.790854
-0.99937674
1.1031597
1.0077242
-1.0455583
1.5927953
1.2361907
-0.76221407
1.1252537
1.021695
1.0454826
1.1388307
1.2320293
1.2440519
1.112271
-1.0850614
1.4675008
1.332307
1.0895886
-0.99950562
-1.0712189
1.2400924
1.0549338
1.0003765
1.1595776
1.3082494
1.0001964
1.2369487
1.1787319
1.0005717
1.1378343
1.2145304
1.1118075
-0.65045669
1.093447
0.99964246
0.99954368
-1.1215746
1.0130497
1.1387045
1.2322047
-0.99915428
1.1520118
-1.1613356
1.0821096
1.1180545
-0.99976162
1.4272623
-1.0294766
-1.0782256
1.000663
1.1261265
1.0334681
-1.0212855
-0.79908752
-0.99945367
-0.95002207
0.99964103
1.0002557
-0.9665449
-0.95875956
1.0486873
-1.1673666
1.0799301
-1.0978313
1.1789488
-1.0155708
1.42373
1.0003614
1.6013655
1.2018004
1.0211771
0.95700309
-0.83894508
1.2036337
1.0005451
0.74250006
-1.0000282
1.3681207
-0.99939128
1.0004298
-0.92816887
1.1502853
1.635248
0.99993935
1.1729639
0.9862176
1.0741542
1.2480084
1.0035408
1.4969844
1.2791119
0.87542982
1.1218585
0.99994281
1.2264847
1.0885667
-1.4500041
-0.99981296
1.0002843
1.3031445
1.2287635
1.429426
1.046282
-0.99975502
-1.0000533
-0.99995956
1.1317957
1.2688127
1.5216146
0.70362087
1.0906542
1.0131716
1.1255272
0.9998102
1.063491
1.1893839
-1.4315178
0.75928257
1.0003288
-0.9990054
1.3770853
1.1171275
1.2064354
1.1056477
1.2422562
-1.0410822
1.0002734
-1.0838429
1.0749335
1.0933142
1.0277531
1.0003924
1.2685092
1.1596188
1.0915744
-0.99980135
1.0210567
-0.99955809
1.033864
1.1353128
1.0895986
1.1418423
1.0000668
1.1772408
1.1449775
1.4989683
1.574954
-0.99996344
1.0827292
1.2876852
-0.74229042
-1.1851077
1.1378343
1.1399884
-0.99988824
1.0000626
1.1792558
-0.99980958
1.258337
1.0003781
-1.0002046
1.106677
0.99943065
1.0002478
1.147457
-1.0666365
1.2895808
-1.0270669
-0.81645762
-0.9999596
1.0688485
1.7189109
1.13815
1.2558346
-1.1295528
0.99964698
1.1451099
1.2930065
1.1238253
1.0167293
0.99976357
1.1613503
-1.096049
1.000249
1.0562199
1.2858327
1.2284041
1.2535527
0.94114019
1.5525051
1.1433685
1.1730196
-1.0769595
1.0321536
1.1473492
1.1870317
-0.99977339
1.1141236
0.75376787
-1.097792
-1.0144511
1.1328105
-0.91197611
1.2445704
1.5390846
1.0000063
1.2249534
1.0001384
1.000014
1.0394471
1.0928039
1.2451599
1.3373801
1.2174511
1.0120633
1.1632327
1.0002223
-0.99990361
0.99998899
-1.2456183
1.2708146
1.4444396
-0.92218068
1.4302945
1.6800648
1.4785126
1.5052876
1.3326816
1.000406
1.0055674
1.7811676
1.2264847
1.2866192
1.2212568
1.011774
1.0004359
1.2475858
1.1102754
1.266164
-0.9999386
-1.2579655
-0.97836783
0.9997259
-1.2003412
1.2384387
1.4684034
1.1378343
1.2505511
1.5069978
1.1439125
-0.98661254
1.4031719
-1.1683724
-1.0531383
1.0003004
-0.64871012
0.67972193
1.0151753
-0.99951125
