1.1423095
1.2494462
1.0122839
1.433447
-1.3989858
1.2818559
0.85779537
1.3293523
-0.64553843
0.68908517
0.85384485
-0.62252652
1.137647
-1.1671072
1.2837147
1.147457
1.2548491
-0.45800347
-0.91150713
0.85336298
2.721698
-1.0317033
1.147457
1.0194366
1.3609257
-0.85236857
1.0865772
1.3131432
1.2623483
-0.3607904
-0.86607862
0.92633085
-0.5501076
1.2252657
1.1990067
1.1950492
0.99377645
1.588118
1.1188138
-0.40577182
1.1448715
-1.0983845
1.173327
1.2458984
-0.59444596
1.1575606
-1.1691824
1.1136932
0.98960454
0.89502297
-0.94132354
1.2090752
1.0733351
-0.25410208
0.81652265
-0.99521752
1.2204703
1.4245007
-1.0951406
1.1378343
-0.35911987
-1.0171395
1.1430817
-0.95002207
1.2415612
1.399371
1.2141798
1.060708
0.92099588
1.1429118
1.0114604
-0.47080457
-1.0756216
1.0738799
1.4710656
1.258337
1.309781
1.0538398
1.0851023
-0.88164767
0.92951278
-1.2184786
1.233702
1.3444357
1.1704134
0.98751974
-1.0051151
1.2049216
-0.65528006
1.7120809
1.2295209
1.1058299
1.559747
1.147457
1.1948649
1.4522264
2.4770049
1.2102657
1.198531
1.0933142
1.1615845
-0.50434931
1.3281707
0.96022788
1.3345433
1.3587507
1.1963614
1.1210977
1.0209995
1.1037205
0.98268073
-1.0954686
-0.88455653
1.3685582
-0.82827555
1.3872371
-1.0091502
1.1535185
1.1261521
1.1383486
0.9895116
1.0588144
0.90443148
0.93859481
1.2628774
-0.82473101
1.0667351
1.0592283
-0.60115395
-0.71350261
1.4960888
-1.0997406
-0.74930413
1.1892141
-0.92476307
1.2167694
0.96989195
1.2663824
0.9248557
1.4292435
1.1604256
0.96075057
1.1934508
1.1621512
0.95085604
-1.0092027
0.93167132
0.93176691
-0.81712075
0.59597623
2.4637819
-1.0428484
-0.91722507
1.4931684
1.3412263
1.247471
0.93320809
-1.1566659
1.2845756
2.3201297
1.3845545
0.79799685
